3.28054653161583e8 
1.396563229845486e8 
5.003429065401108e7 
1.790051560911985e7 
6.858834051052306e6 
2.7615868881616252e6 
1.4768352008721298e6 
406738.033726121 
312149.2645638337 
218156.1987838644 
199901.40442448386 
105296.83326021781 
803517.2605135492 
160518.21789510638 
91322.80421320158 
81737.11111726957 
56199.52604874482 
94007.81672961432 
41593.030035314405 
39163.00776037149 
32483.70379397354 
52499.009323105696 
27627.565739677437 
26622.43830932588 
20843.386816312497 
359602.8801772271 
29555.354032529056 
20017.88097419995 
19179.088140488402 
20378.464765094635 
18116.57428153264 
20181.138038423975 
16699.053582254957 
16408.080165787414 
13864.046001421837 
14850.556805983126 
11831.414480208541 
260571.86116387683 
10654.378317105136 
10537.314991728708 
10537.315005398466 
10537.31525118129 
10537.317545107755 
10537.340725871712 
10537.382417050914 
10525.694652850727 
11575.218133593846 
10326.450216446363 
10299.447718481475 
10111.067509289875 
10086.904927962427 
9995.914061447309 
9933.415213298511 
9896.050156226971 
9896.051169870017 
9896.061288844503 
9896.06696765904 
9679.059177642219 
10003.849868662757 
9592.294024282794 
9544.660259131864 
9521.199145262704 
9393.419867863788 
9527.769398466962 
9354.503136588426 
9329.973067897952 
9331.564484274284 
9334.102903187299 
9335.842608885978 
9336.761088303485 
9336.76150453961 
9307.598192714448 
9284.311944240937 
9164.186689992277 
10468.409198849602 
9690.94668782007 
9408.604002385378 
9188.174843953982 
9125.135118858923 
9106.348640369286 
9102.743657734885 
9102.743671681563 
9102.743892562372 
9102.746081883155 
9102.754220729163 
9089.521885390956 
9088.977309912385 
9088.98539035173 
9101.842272432406 
9082.252340907005 
9084.073980619056 
9077.653453478735 
9072.964391841511 
9073.355434795072 
9073.83523700813 
9074.237553192768 
9074.473173527314 
9074.473253968958 
9068.712337677422 
9068.713795875401 
9051.433522149087 
9052.65342416711 
9052.49947219802 
9052.502486533256 
9076.452165054488 
9119.371709373192 
9045.433215925204 
9044.848451861853 
9045.75334438389 
9045.71560852231 
9045.817988127732 
9046.452576178397 
9047.173259426194 
9047.672403277567 
9047.93892801711 
9047.939212760011 
9039.83513380198 
9039.846512082155 
8989.148441987223 
9444.044536158683 
9062.757798525674 
9053.78935905546 
8983.811140380634 
8963.101268095694 
8963.209512357618 
8963.339721549855 
8963.578141546579 
8964.969657468651 
8966.846021346582 
8968.11038876234 
8968.110898273719 
8960.135941220915 
8960.702572214335 
8960.703613751348 
8932.927831046738 
8932.967090408 
8825.489474587952 
8995.892992652041 
8865.969807817166 
8808.82089985148 
8785.816809894028 
8772.500137627569 
8768.754449902402 
8751.678586722124 
8742.673564444773 
8745.960406217013 
8747.538310672498 
8748.418440263264 
8748.983914226563 
8749.345549289583 
8749.558519592041 
8749.672366963927 
8749.672558441633 
8742.354739271932 
8742.357309275438 
8692.745441966916 
9111.213658225446 
8686.50566394733 
9185.59381502733 
8734.216877079978 
8663.290382693944 
8637.895162192626 
8627.090182653803 
8627.925953782595 
8627.92931514151 
8627.939944204505 
8613.30704584285 
8614.75763688829 
8616.011968764224 
8616.723325815328 
8616.72811830874 
8597.892316601276 
8766.247344867019 
8636.609951152719 
8601.082682115484 
8596.761058713508 
8589.469110721704 
8589.473067964262 
8565.294338741325 
8565.303059444452 
8624.924016921026 
8567.264538336258 
8561.811296570313 
8550.42965907704 
8552.169181143123 
8553.411043647988 
8554.188110793068 
8554.639565231124 
8533.25480976113 
8533.280284948842 
8586.765504317267 
8509.165815847558 
8522.683628180976 
8491.218092685254 
8477.849054903265 
8480.237993031622 
8482.391984870997 
8483.919550618097 
8484.904843231681 
8485.504375557251 
8485.855489381236 
8485.855913886404 
8472.581404432412 
8473.160451956768 
8473.161829998864 
8473.316088077343 
8451.113842534076 
8448.379571216607 
8424.431648773725 
8424.517185714265 
8424.520184329249 
8399.135395044827 
8398.257466651552 
8399.5450076326 
8399.55224136686 
9581.606132372825 
8489.557607029401 
8393.269217060046 
8376.269704246612 
8375.400733854414 
8376.752544932253 
8377.470382912601 
8377.471616847672 
8356.752684203386 
8354.275494243513 
8354.285292128001 
9803.78787486408 
8371.46846318101 
8335.662050697672 
8338.318198129185 
8342.339590774081 
8345.125913668844 
8346.956295036485 
8348.157994608298 
8348.93633796458 
8349.435283159677 
8349.75432514985 
8349.754875102397 
8333.085050547845 
8333.090111259022 
8274.176282367016 
8852.673406431906 
8292.490282942217 
8241.408043217856 
8229.26769116172 
8223.998029729724 
8223.99974260663 
8224.005088248583 
8196.158790105581 
8196.175017262362 
8665.09849308719 
8188.069775788192 
8254.067659125505 
8159.800908689596 
8153.649868086703 
8159.633748191759 
8165.621850169338 
8169.903274416205 
8172.853915622827 
8174.764874226522 
8175.871728452778 
8175.872473183074 
8156.674500661825 
8156.678044661649 
8114.078657635898 
8114.081970338475 
9653.54627141892 
8125.59551728626 
8095.611808211301 
8095.8313673790335 
8097.4209332478285 
8098.324124492125 
8098.325489881706 
8055.230463355062 
8051.184724572894 
8051.2165722873415 
12502.665644024075 
8096.755135421611 
8036.250915850455 
8016.391315129826 
8004.458554751252 
8004.462397802475 
8004.494501616025 
7955.2880899333 
17050.440459699097 
8102.195453781951 
7956.478743488689 
7937.918298678208 
7930.747237424145 
7925.730113134937 
7925.731018506021 
7925.740058568567 
7925.747570611766 
7894.806160638724 
9458.603175692484 
7898.6598488226755 
7883.4393555263905 
7877.115527906451 
7874.757855986002 
7875.278756674647 
7875.281278620581 
7873.531925284614 
8006.209681463699 
7865.171577808402 
7852.603116753449 
7860.86935953757 
7839.643512116414 
8399.525475229802 
7842.289236333806 
7832.814620957888 
7832.994850830862 
7833.217899583961 
7833.225238441662 
7838.844539399908 
7818.706171577442 
7818.721653537585 
8650.989747701262 
7813.284318666005 
7805.4170924633945 
7799.4845842148625 
7799.809559411112 
7799.811081790492 
7800.798229706481 
7786.306255874911 
7786.319259004718 
8348.349086896733 
7822.168272208789 
7781.020399218817 
7779.5302938755285 
7780.303378022035 
7780.902589605627 
7781.255017955066 
7781.255730971003 
7763.99133899954 
9219.476923983877 
7782.922416271956 
7759.589550650508 
7759.017964842734 
7760.467367589079 
7761.587019494099 
7762.186882491381 
7762.490672796993 
7762.679395707126 
7762.794050697922 
7762.853142837952 
7762.853410042722 
7759.9283476095925 
7759.931411927882 
7749.730758730556 
7745.412955928945 
7735.733551845135 
7735.662952490362 
7735.669327302976 
7859.731664447763 
7730.743722297703 
7737.863858402896 
7724.784823340148 
7734.454292694108 
7715.943230853539 
7713.039481370646 
7711.154418606554 
7711.154684248255 
7711.157476108084 
7711.157903946954 
7697.499659193425 
7978.421533055963 
7710.4447382940225 
7693.744629325675 
7709.3788355451625 
7686.359598752166 
7686.831890603311 
7687.42503821908 
7687.746195397083 
7687.746656066284 
7688.8043159765975 
7681.940750109148 
7681.948296496743 
7790.542265488556 
7685.493041260616 
7678.834741386792 
7675.091933765406 
7673.3142416507635 
7673.315513151496 
7673.316852404396 
7660.791990964534 
7660.810198039815 
8341.558260596374 
7656.684192379593 
7655.96066058235 
7656.240185316296 
7656.242807253563 
7958.706903890165 
7652.793878311762 
7652.032524051519 
7652.034217332425 
7725.146912854898 
7646.308734603781 
7646.713388954874 
7646.950420724857 
7646.951826827615 
7683.443909558 
7638.330018453107 
7659.687706961398 
7632.479955591742 
7629.11550341663 
7615.661512743203 
7615.669887294949 
7615.681636250003 
11020.167874911853 
7714.697127341915 
7623.891217358104 
7611.484368287478 
7608.628632908034 
7608.628962998224 
7608.632023078228 
7602.5330149573 
7620.053702588313 
7600.899164916932 
7596.544629403538 
7596.54742750639 
7638.210075561554 
7592.173595133437 
7640.30693493741 
7595.508083480956 
7589.779034865804 
7585.994340258963 
7585.994703899672 
7585.996333757713 
7588.002463463263 
7582.209397780282 
7582.392785668979 
7582.631957425781 
7582.63444932622 
7865.143963885317 
7577.383179405164 
7737.312075648522 
7572.215941825468 
7571.168088389815 
7569.548347500385 
7569.667672624276 
7569.671204171043 
7617.082512131807 
7567.180651515447 
7567.207634248809 
7567.207992257887 
7802.261663997483 
7565.127504225483 
7564.900047769416 
7564.902974283347 
7579.790475967785 
7560.909715895875 
7560.911659887162 
7774.379118992814 
7560.890040892027 
7559.432338891109 
7552.910908197525 
7550.903297718097 
7550.903705915567 
7550.904854531201 
7546.3860756011445 
7546.281967416165 
7546.284155522005 
7920.912977574387 
7595.709057946693 
7546.056874456456 
7542.074568601823 
7542.073608497251 
7542.078746250749 
7563.676910292295 
7540.03542840311 
7540.057035061563 
7540.057844880201 
7584.016677133546 
7538.220626496793 
7537.868579193187 
7537.87097532776 
7563.835436818467 
7534.197119909416 
7534.227184600003 
7534.228609591824 
7616.07060305084 
7533.6211312746445 
7530.66140582195 
7530.873821771801 
7531.020677669881 
7531.021655571064 
7557.243809432331 
7526.741775783738 
7526.822083975377 
7526.824306056885 
9068.058473652854 
7530.120920102324 
7524.552676105233 
7524.775541308137 
7525.156260350065 
7525.418687450005 
7525.581278951972 
7525.676644572997 
7525.677023431981 
7521.285343706061 
7521.297415683469 
7714.073900891498 
7519.842848364521 
7519.557502951469 
7519.815449860492 
7520.00374308135 
7520.1239862981865 
7520.1992632356905 
7520.199783387893 
7513.102458969113 
7513.109145901016 
8769.645649702663 
7536.482948715004 
7514.857024174448 
7511.996564322792 
7510.413226979645 
7503.570895412052 
7503.57404321164 
7503.6050926414255 
7503.6151043061445 
9699.484302129242 
7573.209897048136 
7504.280078810512 
7501.021201966487 
7500.240184261509 
7500.240433275897 
7500.243094215659 
7500.24480150842 
7495.4126149756885 
7586.201817437583 
7491.003508292807 
7491.149457530112 
7491.153129433958 
8428.540306250443 
7499.645083282256 
7489.197108439264 
7486.7883606533105 
7486.78936019332 
7486.793670557618 
7489.425437191628 
7484.087100541263 
7484.092968883512 
8583.853760939446 
7491.237214388397 
7481.821746543148 
7481.854514478038 
7481.8550720811 
7477.01545238212 
7476.906538967234 
7476.91156740374 
10662.46640751882 
7558.653916936007 
7473.999602233536 
7474.00427726354 
7482.720272913047 
7472.799170842632 
7472.246635719485 
7472.2500999822605 
7478.8133399700855 
7469.762502239239 
7469.703717669478 
7469.851270041941 
7469.852693760439 
7473.965960618076 
7465.317897361903 
7464.999554124502 
7465.007923465459 
7967.885369181986 
7470.042084548849 
7462.792144946693 
7462.81730094487 
7462.818286354635 
7491.500734749113 
7460.543685372407 
7460.572632281786 
7460.655969364592 
7460.657030938129 
7475.00102555462 
7458.46850423068 
7457.748071500323 
7457.822296657457 
7457.8239218279095 
7510.742227671259 
7456.05599806745 
7454.917022142827 
7455.044002453483 
7455.046190085551 
7557.694988962644 
7453.902173093324 
7453.174731264511 
7453.177585687003 
7470.888545050122 
7450.726574553949 
7453.806166097581 
7446.769158245468 
7446.901018309594 
7446.901718583494 
7442.154150621263 
7442.178783657941 
7442.187683633623 
10014.803346518866 
7482.341787465598 
7439.371535543223 
7439.388584236144 
7439.528911625936 
7439.529826321561 
7433.43212060297 
7433.449819769653 
12503.957143685633 
7471.946267342998 
7430.27388752562 
7430.303621371377 
7430.306868759399 
7435.052347235031 
7427.267102254891 
7427.287755641682 
9039.165786452839 
7426.177514046303 
7424.251987651031 
7424.258906033153 
7437.731582925582 
7420.118886775891 
7420.1571496901515 
8261.718793739778 
7423.435857621901 
7417.365438578935 
7417.4320313359585 
7417.434023589596 
7553.012498343829 
7415.362972461439 
7415.3823282981275 
7415.38507052291 
7459.158918460911 
7412.734248396788 
7412.754351030168 
7431.670456408538 
7408.187491737968 
7408.232789814828 
8041.907081398976 
7427.877663640306 
7408.534159935379 
7406.378777577471 
7405.076104726514 
7405.078004754012 
7405.082340482241 
7399.135270936783 
7399.1969996793505 
8069.4630588616155 
7425.684779531659 
7398.267814730692 
7397.847674827279 
7397.915389055158 
7397.916221466976 
7393.781589077753 
7393.816193920675 
8096.497447790097 
7398.405914166834 
7391.708786364257 
7391.118318333977 
7391.289900542669 
7391.414545358513 
7391.415147277553 
7385.831654489138 
7385.890066593616 
8469.938762988377 
7400.593979732468 
7383.7356228025965 
7383.748226303716 
7383.836228442129 
7383.837651835936 
7390.422271416797 
7380.997815775138 
7381.025032932832 
7929.4842826857275 
7382.073841658805 
7379.223319467413 
7379.334020996501 
7379.401012427532 
7379.401504341796 
7372.788304419405 
7372.866091465746 
9620.803776252407 
7426.5197847602085 
7375.007468457978 
7370.585814290827 
7369.699794656447 
7369.789798639974 
7369.85094486302 
7369.852758814657 
7369.529995862962 
7367.9382342090385 
7367.951161522403 
7368.388959690863 
7365.923500204571 
7365.408782732641 
7364.141022836448 
7364.291489675804 
7364.410169119619 
7364.41142503587 
7361.8597367173625 
7361.7454688103035 
7361.833118397662 
7361.83671053667 
7625.290072180198 
7378.218906927261 
7362.777577330749 
7360.928668635304 
7360.081359814453 
7360.082869014795 
7360.090378778537 
7356.398783308222 
7356.439936715537 
7597.47536753173 
7364.805336507149 
7355.341649753107 
7355.145409393608 
7355.1462538655505 
7351.843308682423 
7352.033576253161 
7352.133620466688 
7352.138633686853 
7593.0959763630435 
7359.903782462785 
7350.315383724594 
7350.083033446178 
7348.496680630878 
7348.562854844199 
7348.622785352815 
7348.623248947262 
7346.437727940399 
7346.373519897729 
7346.378862380331 
7840.823971015392 
7350.830455342991 
7345.501704625499 
7345.419942309856 
7345.677598085024 
7345.857019504339 
7345.957871506382 
7346.018193260845 
7346.054584412762 
7346.074156954771 
7346.074302379611 
7345.222913533472 
7345.23066282312 
7343.163694159029 
7342.840024767593 
7342.8497824070955 
8546.567112385657 
7355.611080462668 
7341.559428787482 
7341.605917874932 
7341.606503104572 
7340.112942475264 
7339.5958617277565 
7339.609488774881 
7762.6401865985 
7346.2794942937835 
7338.019017626144 
7338.053847999779 
7338.055289018415 
7335.595912086904 
7335.366730215232 
7335.3835538488975 
8377.664128909852 
7347.731944407903 
7333.843047541673 
7333.750199136023 
7334.162034855144 
7334.488791818495 
7334.706866611358 
7334.845638847404 
7334.931750530028 
7334.984531226395 
7335.016113846365 
7335.016268822131 
7333.723038403062 
7333.736027231821 
7336.408989591887 
7331.848392883875 
7331.957817667952 
7331.962436353415 
7395.193197979508 
7336.387015106777 
7332.151840068518 
7331.618538631494 
7331.435252338025 
7331.386891834728 
7331.426506157944 
7331.4641790399255 
7331.464528514186 
7330.1598600829575 
7330.182277998672 
7333.551525591498 
7328.5028880504215 
7328.561128050823 
7328.801917046392 
7328.973060688853 
7329.084498838314 
7329.1569401723955 
7329.158831321135 
7338.41498309851 
7327.27476771939 
7327.3015690247585 
7327.305376735794 
7834.856844127341 
7333.61304697065 
7326.212800130704 
7326.207471680189 
7326.3252739135205 
7326.397680385235 
7326.398216354097 
7324.110864557581 
7324.1386842001 
8158.865314374473 
7337.483860393161 
7323.93951816809 
7322.677626158832 
7322.680166409425 
7322.683537644724 
7323.030407538692 
7321.688186377519 
7321.728999769888 
7321.732331488738 
7564.100829390373 
7322.010010230922 
7321.10863471734 
7321.231290087456 
7321.345013723634 
7321.423866920581 
7321.476016069009 
7321.509842701662 
7321.531427467085 
7321.54497024175 
7321.545096189133 
7320.439942258186 
7320.45159500078 
7320.5402639034155 
7318.351294991812 
7318.8309296360285 
7319.26800646192 
7319.5958140069615 
7319.837085049456 
7320.013635861478 
7320.1390180231665 
7320.222693807444 
7320.27457899157 
7320.3052485343205 
7320.323228756246 
7320.333658240642 
7320.333904234631 
7319.189256554053 
7319.199892862793 
7321.639308303707 
7317.331711448095 
7317.469419834068 
7317.613992636008 
7317.619014750607 
8005.0762559165 
7323.700505706793 
7316.583003523259 
7316.628381973123 
7316.629547429332 
7327.397400891634 
7315.709085727483 
7315.72126574628 
7336.5804596039725 
7314.930614821351 
7314.769483968119 
7314.773129603502 
7347.790075570658 
7314.257866226492 
7314.036755902285 
7314.2008400725135 
7314.331331178453 
7314.419134368871 
7314.476433382393 
7314.513400543247 
7314.536926821157 
7314.551706754588 
7314.340925450369 
7314.343429974737 
7313.072834254959 
7313.077111084755 
7332.267345697328 
7313.05500367282 
7343.920245735147 
7309.904240362963 
7309.957142335827 
7309.957907604329 
7316.014395025748 
7309.285539695493 
7309.230725303871 
7309.232361968022 
7332.476236314565 
7308.482429456818 
7308.4880697515055 
7310.330033068427 
7307.467318323925 
7307.427252222708 
7307.467817324419 
7307.4694711508655 
7320.12796666985 
7306.050692267089 
7305.954305381063 
7305.958114862456 
7435.475980853565 
7305.6999714958265 
7304.980523610824 
7304.985082720151 
7329.35465049279 
7304.324695036383 
7304.262294142775 
7304.312336185052 
7304.3139162758835 
7304.7958988804485 
7302.824236043989 
7302.854541154387 
7302.857181322536 
7598.541652046631 
7305.990723041265 
7302.295264594345 
7302.0682399433545 
7302.119422963702 
7302.193409471815 
7302.240771338919 
7302.241190933755 
7300.879843488958 
7300.903215499319 
7463.60304471446 
7301.175676287514 
7300.306663183281 
7300.309185328052 
7311.4671083817475 
7299.425884617549 
7299.438939229982 
7330.111252209406 
7298.457128003989 
7298.423500990969 
7298.426625852068 
7351.665108436013 
7297.380320133032 
7297.39349108329 
7342.250363916186 
7296.43754558562 
7296.4484262520355 
7296.450996885159 
7363.917367554546 
7295.837495817849 
7295.737350354064 
7295.740375016767 
7309.418513831505 
7294.849332904497 
7294.871993619948 
7294.873477911562 
7325.252527862201 
7293.985369178861 
7294.006182669213 
7294.001378353251 
7294.00238380778 
7301.346376298778 
7293.370073927159 
7293.039055182208 
7293.09251945138 
7293.096018510466 
7300.416700483691 
7291.614798768073 
7291.6250490013335 
7291.630224271344 
7557.40293277058 
7291.677532875856 
7290.44212831422 
7290.448528784361 
7315.7043391207235 
7289.372401526055 
7289.383180014995 
7417.18161648157 
7288.290652546235 
7288.321387954628 
7288.363425502963 
7288.364921506875 
7299.052797744993 
7287.593209498135 
7287.653384101769 
7287.739243131025 
7287.816927569997 
7287.86823352101 
7287.90091233652 
7287.901671891365 
7285.416273162517 
7285.463772570906 
7285.469592032475 
7963.7771845971465 
7318.267853278227 
7284.890891937186 
7284.0272088589445 
7284.079444728753 
7284.080769658085 
7284.99565231676 
7283.117297994179 
7283.127495928734 
7348.50395842715 
7283.298248227667 
7282.252237593318 
7282.256605841148 
7282.567591219738 
7280.859729502136 
7280.88815598314 
7280.891074031696 
7426.794965885077 
7281.188631826327 
7279.849213630668 
7279.877353355811 
7279.8787392021995 
7291.145879138113 
7278.902328009016 
7278.920397881395 
7278.923343791957 
7364.994708921012 
7278.009751881255 
7277.980557109778 
7277.983464105159 
7294.992991021713 
7276.80370007027 
7276.8205408232625 
7418.509425950868 
7276.159136677972 
7275.908962660722 
7275.91305336199 
7326.429278657919 
7275.30489810269 
7275.2933481338 
7275.295582804766 
7284.695172346082 
7274.434083597367 
7274.445979650463 
7321.682336870009 
7273.8452599743405 
7273.565933682587 
7273.598990329209 
7273.6005501770605 
7271.719422254107 
7271.418311931403 
7271.534264265554 
7271.540721525631 
8030.97735369037 
7280.6923025473 
7270.251745855065 
7270.2639840615 
7270.3051725886835 
7270.306484345329 
7274.6218376906445 
7269.535884003785 
7269.496593267755 
7269.499850691831 
7300.800204097267 
7269.2436159936615 
7268.671903828507 
7268.695610921002 
7268.696548899206 
7267.78207842015 
7266.943320198777 
7267.003133307401 
7267.008738109824 
7385.032922760316 
7272.216777886456 
7265.868587615345 
7265.848652781955 
7265.884715693489 
7265.885733925939 
7266.311968214016 
7264.0496958854155 
7264.066415521137 
7589.487453612904 
7266.502583016085 
7263.214334392225 
7263.055574976006 
7263.1627939387245 
7263.2523875783645 
7263.30250635109 
7263.303218141922 
7261.212265889404 
7261.253132586538 
7560.329315048746 
7264.058747835442 
7260.587534348947 
7260.616971649355 
7260.649448480139 
7260.649807999704 
7259.976981874349 
7259.2053560783215 
7259.220383641 
7924.560859996711 
7266.135482172617 
7258.1179952259545 
7258.120909841991 
7268.989195972818 
7257.387119348134 
7257.402129441698 
7257.404015872613 
7280.720877230564 
7256.29518261505 
7256.305979819009 
7308.004552638139 
7255.546392263719 
7255.401374264324 
7255.6208879380865 
7255.802023719395 
7255.93812638896 
7256.040863170085 
7256.118939672988 
7256.177997450683 
7256.2212943793975 
7256.250844645946 
7256.2685949345305 
7256.277874079227 
7256.282628449183 
7256.285282262629 
7256.286748900209 
7256.286761446685 
2.8218161819826925e8 
3.011775472722241e9 
1.0866372986785483e11 
1.08659138494492e11 
1.086132387189581e11 
1.0815083575335336e11 
1.0366603543810732e11 
6.9299243203036e10 
5.41392762373758e9 
1.3144172978104602e8 
1.1574039858484906e8 
4.970119378970543e7 
1.6661362653131928e7 
1.3224756195985295e7 
6.654716304237438e6 
6.769524482103184e6 
5.324403991947009e6 
5.340647381447792e6 
3.405101216451076e6 
3.071459409477956e6 
2.8723349646804477e6 
2.4582026718407217e6 
1.048189859883646e7 
2.1002938026484367e6 
1.9309118460630614e6 
2.087585398511366e6 
1.7960836001664307e6 
1.753642416881229e6 
2.593255490010893e6 
1.0588110343311115e6 
994501.3849603835 
792910.2515701111 
8.989306717230013e6 
824106.1154725493 
674245.2633970594 
606150.6253078774 
441227.05697691295 
1.2458479820879998e6 
310737.02327385853 
290101.3788846068 
290101.3799520506 
290101.39071604103 
290101.5663065121 
290103.2731937159 
290120.35556930694 
290249.4166333516 
258423.1205703221 
256664.65916836305 
198062.119453811 
192934.1517177711 
192945.79381336668 
155426.08524955343 
535253.7501040545 
141803.40822125014 
196318.46411178654 
126944.4628111386 
127328.0299252921 
128541.25715111164 
129345.13889204898 
129374.55097128614 
121982.45250786947 
117086.83691643421 
105926.50598497431 
106575.16080165542 
107326.97771581756 
107344.26410022353 
104875.00789676628 
104902.39033350322 
95750.75446181414 
106925.36788313458 
91026.39880525711 
88615.00307618252 
80190.92429232522 
160857.91121707024 
80072.41487006283 
76912.7591897138 
70939.50827784621 
76111.58818287686 
69010.00089786913 
66990.29463254959 
67292.2022860196 
67573.4885875777 
67772.17902821547 
67897.62061560045 
67977.72098181918 
67978.92252792684 
66374.35499358435 
65289.87519181958 
63287.87809713579 
63305.155026560555 
63312.84730889332 
59879.01587800452 
1.436749353096789e6 
70183.71445644817 
58601.740595196745 
58506.580656411454 
58510.68088914567 
61973.22237258767 
56883.23379817942 
231501.59820053822 
56268.75696057475 
55288.19152714202 
55318.99359910229 
55320.47982895785 
54226.15829472292 
101086.12768806641 
51230.9417546525 
49816.30069354976 
49819.41716288964 
49820.75915099478 
48985.11302292629 
51119.12459566546 
47587.02879134796 
47106.92592216545 
47210.46739011866 
47279.680719351054 
47325.43681636719 
47355.62284607885 
47375.35422049774 
47388.08714006575 
47388.15331052758 
46417.43174208308 
46285.568434231864 
88909.86021323715 
47022.746721903975 
44543.07782933248 
43946.153364186306 
43048.15368892196 
42762.97462347907 
42026.403036390024 
41231.718543648756 
46909.22818699737 
41217.499067616736 
40715.72592787116 
40719.90500697714 
40733.08660270349 
40735.7834273312 
40739.30881131797 
40808.420049176224 
40442.33681974529 
40254.356865495465 
40077.48578105456 
39941.03496916701 
39270.02940378323 
162743.97438627208 
42882.89703222917 
39637.49013318635 
39171.68206299583 
39057.43974297776 
39057.452842547544 
39057.45739825387 
38421.62957554064 
40817.02765028413 
38224.991690001545 
41978.582658268424 
38369.750551827834 
37702.0972443198 
37639.34637555929 
37674.80843218643 
37696.51015621649 
37696.7769460746 
37725.01535115624 
37470.34094897103 
37474.34291145468 
37474.63944412226 
37589.48952861089 
37276.82877434494 
37273.84996694999 
37274.49473919278 
39627.692069215984 
37603.489159534874 
37096.736868410226 
36880.078545061515 
36880.508110898125 
36486.853507480446 
45769.23651485973 
36878.963388748954 
36141.35042920651 
36022.299050642425 
35873.26832879073 
36655.8017294909 
35689.322829530756 
35594.177647967095 
35330.42914211188 
40903.982948073455 
36103.90237684898 
35304.69922025248 
35214.040130755624 
35168.040405376894 
35173.2128126367 
35173.22147028426 
35173.30532581686 
35174.13862268005 
35174.517547378884 
34994.16855461346 
35360.205970871306 
34909.55553938655 
34821.768225554384 
34570.193729741506 
50301.3341270391 
35593.64431103439 
34743.928206881865 
34486.27008696386 
34429.40504702124 
34225.39182146551 
36732.789736966064 
34375.48550646262 
34106.93176855134 
34257.014415190955 
34047.79905290948 
34046.42457721963 
34046.42977857722 
34046.4821725976 
34046.91533846491 
35164.822676327014 
34007.897960622526 
33979.18262640476 
33969.8384363846 
33970.13656313863 
34083.54325752019 
33927.83341513521 
35845.75689249142 
34386.6058230814 
33907.34741882851 
33893.53073899439 
33894.50441360899 
33894.608054522185 
33765.321085035044 
34396.357519182005 
33720.810499460844 
33671.03884536577 
33681.2151623542 
33690.50171490892 
33696.1534840031 
33696.51720273879 
34061.642064804844 
33631.29794260777 
34904.3518505553 
33731.75521294447 
33537.11084376652 
33501.25515796782 
33501.36830356077 
33501.48309115158 
33440.91767193756 
33588.639903744 
33398.125552352125 
33388.775724935025 
33393.22024413544 
33396.61431187774 
33396.710223697526 
33363.651178172266 
33355.11088509782 
33355.48772224952 
34501.920505096205 
33383.889546508515 
33331.934414457355 
33478.17521140569 
33309.81933798444 
33304.36355853866 
33305.13413111922 
33562.09447362401 
33270.243615761814 
33271.34499823852 
33211.75056295429 
33212.64968495514 
33323.73235128608 
33185.197109671615 
33281.076315160426 
33149.560113261636 
33149.018594929534 
33149.15569164393 
33080.25261562798 
33936.670079335 
33211.04142805259 
33062.21245152778 
33009.43970878799 
33001.30655307533 
33001.56724216703 
33038.479456303714 
32970.019523122224 
32963.458430846986 
32963.96189166535 
33895.217527694665 
33023.85962592238 
32929.34599269993 
32929.5607526547 
32929.58698627562 
32816.39098300076 
32817.438270977626 
32817.88469656786 
55122.04985266715 
33763.11842202586 
32769.47618572824 
32725.114675002114 
32713.085770792368 
32713.47501860207 
32713.783504398136 
32653.90034536797 
33341.433790412004 
32635.136291345054 
32579.099276936333 
32581.48770865906 
32581.83310395824 
32524.46194288453 
32526.622667405176 
40667.548881493596 
32621.558687401146 
32485.740499008756 
32458.758940580097 
32459.125314041357 
32459.412324428184 
32441.627752172684 
33792.725749682206 
32338.62669691599 
32288.560039519234 
32293.338510419748 
32293.75380351296 
32349.927459868966 
32258.919000292117 
32259.34654456292 
32259.47894117483 
32522.004087351397 
32246.751795992328 
32231.135033044528 
32232.135659943593 
32232.28845596807 
32270.153044943738 
32174.974630173303 
32183.557142066566 
32186.360663759766 
32186.58978754846 
33222.03728172737 
32218.18943644216 
32136.895742468903 
32103.984362991836 
32101.366609524877 
32102.521587961568 
32294.5651017455 
32067.163113229166 
32065.04913099896 
32065.365622199817 
33856.47238157792 
32035.397131739697 
31985.212768370166 
31979.414034034777 
31979.705458198277 
31809.618241073156 
31810.655865013163 
50802.88839464962 
32253.853901334845 
31784.46305169278 
31772.581747321543 
31774.883882570735 
31775.286366823868 
31742.262475548694 
32411.28557944624 
31686.518966877382 
31627.19097549173 
31630.379980338977 
31634.65717506586 
31634.956935738 
31588.53755291773 
31574.78951029933 
31578.08991695071 
31578.956520739204 
32523.442448832462 
31535.27288192435 
31537.964350043363 
31538.31800484089 
32492.547281013496 
31508.53557657944 
31501.848127791818 
31480.408248790984 
31476.78615435923 
31479.13255730958 
31480.33899005462 
31480.585618619705 
31392.080541373023 
31393.351560402796 
38558.08007016766 
31417.654512918296 
31356.658472135212 
33410.70353316116 
31337.801850374697 
31331.812024043218 
31333.858686398824 
31373.72398426411 
31305.392700383592 
31304.1878302005 
31306.31245716953 
31306.66746179334 
31632.375034536257 
31272.79804826177 
31270.415925377183 
31271.27078736014 
31416.190373843452 
31229.09890476765 
31222.077418738834 
31223.281492481594 
31223.667167070827 
31683.205772417492 
31194.851455154403 
31177.10167502596 
31180.32903310823 
31182.469773815974 
31693.50184353836 
31154.318849620875 
31149.166564530187 
31150.718208911498 
35042.450658906535 
31206.02452755718 
31129.40535908415 
31129.975339724235 
31164.236203638622 
31101.16281467554 
31102.902832950356 
31103.349916789215 
32359.27896624513 
31074.08772960784 
31071.879080474748 
31072.214106519405 
31122.550668850217 
31008.027009503134 
31013.175372957456 
31014.258487393174 
32518.996447682694 
30938.690498977343 
30941.039859884502 
30876.107329570204 
30880.36961612638 
32852.01041195147 
30866.33840153811 
30856.8896280434 
30836.8683753523 
30837.88260589166 
30790.824300311437 
30791.86023813754 
57692.297137356705 
31373.103944383543 
30767.927099492204 
30734.772067971884 
31389.374838878008 
30695.98808203456 
30696.498136611233 
30696.90182114122 
30714.429605690268 
30675.096323168003 
30677.768523839684 
30678.206273293483 
31901.278919573266 
30671.131199858195 
30666.01505712638 
30648.628084606513 
30649.059676732457 
30603.734451905188 
30608.657388872263 
30609.27191840077 
32424.584298474896 
30690.54528915919 
30604.755990337737 
30595.72425530918 
30595.84610242289 
30560.671923250375 
30826.414721550802 
30533.508263526735 
30534.44664112213 
30534.82244057253 
30877.900371386757 
30545.17441018539 
30526.016328605896 
30526.4178895308 
30526.583394731864 
30506.152811356635 
30505.44946832541 
30505.923556596776 
31609.229568280687 
30522.80429441343 
30485.992666308928 
30486.923197863573 
30487.132303677037 
30519.635504465034 
30462.784892797157 
30463.280510925957 
52082.327524390326 
30649.845675819088 
30447.942405821977 
30448.88255003294 
30449.15584298722 
30414.818976643284 
30416.405429583814 
48684.25186404521 
30702.816262946566 
30401.43289627794 
30401.775751996352 
30549.28587124207 
30397.09097613253 
30396.816806630213 
30397.197055750414 
30427.086517476168 
30388.59975402614 
30412.28846714032 
30380.226677617644 
30380.73065370866 
30381.04395734386 
30381.99857494579 
30375.21707700446 
30376.09539531336 
30376.64634113217 
30376.84823896417 
30379.532662909507 
30372.533782487455 
30371.0580857853 
30371.591637937974 
30372.30781381267 
30369.45881613416 
30369.63594966765 
30369.752383324034 
30347.566750040638 
30538.394372926727 
30354.79963073179 
30341.275087620797 
30340.206000371367 
30340.851749885274 
30341.142438251714 
30300.005885897073 
31482.15727787889 
30278.914272439804 
30273.540776252088 
30274.01511192607 
30358.88069432557 
30270.931824862924 
30276.771445136677 
30260.886762689803 
30261.17217170293 
30261.20333111553 
30248.455505990853 
30248.519561264075 
30552.164174713285 
30243.291305550112 
30238.699753941004 
30238.864468636002 
30545.0714189609 
30241.268070951337 
30232.54651465295 
30232.718044093213 
30232.73186444557 
30284.04296649946 
30233.19944082383 
30226.156131952048 
30226.19231447818 
30252.13649224522 
30217.59493976337 
30216.760895765576 
30217.039749704098 
30355.59353636779 
30208.61105986626 
30205.35806244272 
30205.571911599884 
30307.321757924776 
30187.231190120343 
30188.392279080887 
30188.88583363073 
33455.92267339029 
30244.6025328476 
30182.442750632617 
30178.58722329893 
30178.07360377117 
30178.5173512155 
30178.681060627267 
30173.04094007921 
30565.261436258937 
30158.97917026945 
30157.252859870685 
30157.364315225477 
30150.11857626916 
30150.65956712678 
30150.917667333844 
30595.685765873757 
30147.486601049237 
30142.43915569961 
30136.49750038042 
30134.672460681722 
30135.04845867669 
30135.10321018294 
30143.035995250135 
30130.15258967953 
30126.434961132483 
30126.604334966443 
30126.635554251123 
30112.583322491886 
30114.71948730808 
30116.687992045267 
30118.436989261925 
30120.026526574482 
30121.3767273583 
30122.37984185884 
30123.05670561094 
30123.605287174447 
30123.98405479379 
30123.98896536267 
30124.030651383327 
30125.162621411935 
30119.732568879754 
30106.944754038595 
30106.856004814927 
30107.156180622227 
30088.299580863393 
30748.52471894692 
30069.773721073918 
30062.876614178378 
30063.390479457 
30143.306802324238 
30058.1790407665 
30057.955766117448 
30054.604426449125 
30054.847047252824 
30054.902725687072 
30043.067314902153 
30729.884526432463 
30095.81479805193 
30047.181941352184 
30039.437299333775 
30039.242488880063 
30039.40880412818 
30039.424969656542 
30027.506824161923 
30758.518660825855 
30025.385759969235 
30059.489838414476 
30013.704742094964 
30014.099550961466 
30017.239865010182 
30008.789498584407 
30691.386118002472 
30011.41860837398 
30004.157783196435 
30004.353321608072 
30004.382617960702 
29990.029087425843 
32088.879018790554 
30074.668088017406 
29982.13171423541 
29982.065763081984 
29982.230521134257 
30062.81223348778 
29984.215892422995 
29978.41384243968 
29984.903466760054 
29976.17460510391 
29998.66464649676 
29970.078454402297 
29968.028231298467 
29968.029247271512 
29968.042884734714 
29968.104672520534 
29966.86435565509 
30014.070988356554 
29962.983404396167 
29958.806531022736 
29958.91277002482 
29959.011934053564 
29959.72800617613 
29958.052341494917 
29957.049351481975 
29957.11492221858 
29948.575374069118 
30011.404780902827 
29945.26233310438 
30069.654355639635 
29933.328072764038 
29922.149832272396 
29934.530834089262 
29916.01270100003 
29914.50170623337 
29914.559455330716 
29912.14429682737 
29963.914977136606 
29896.088482161264 
29886.065120622567 
29886.128832528477 
29886.45181553515 
29882.02398471886 
30234.681322152377 
29865.007803863275 
29864.12304073705 
29864.22536930608 
29859.781004791756 
29878.291955421653 
29848.169216610768 
29848.574231568586 
29848.676635295335 
29843.151156633234 
29906.84793226459 
29833.879047388793 
29828.92560898048 
29818.69467388654 
33084.79514020709 
29991.83037716691 
29813.175587485675 
29809.707414653676 
29798.82028186526 
31167.895437879466 
29876.573402367612 
29794.310371299056 
29791.866627148313 
29789.967356422127 
29778.06108159457 
30747.838256761246 
29799.327008643482 
29772.04468542286 
29790.178736482976 
29770.206288803027 
29797.23021015359 
29758.270975478306 
29755.92112982965 
29745.598029463126 
30233.90515842841 
29776.30522595495 
29740.546346767438 
29737.02821776278 
29734.063538514343 
29732.079668799106 
29730.178204186483 
29731.53399598289 
29727.157569840154 
29820.36397280595 
29727.213985092396 
29724.575876255272 
29724.063116985737 
29724.063117005262 
29724.063115539542 
29724.063116130284 
29724.063135008684 
29724.063360766504 
29724.067718044636 
29724.10891793834 
29724.196177629026 
29717.666287902764 
29941.612264399122 
29717.413950444676 
29767.036629997736 
29707.95148039018 
29757.792745656396 
29706.1204509831 
29705.015147297836 
29703.625566980536 
29702.922740125712 
29698.40964892231 
29908.38620810041 
29726.958562519158 
29696.765576700913 
29696.015851729524 
29691.416051812786 
30322.214649184312 
29710.01689366859 
29689.636642101705 
29688.65031244985 
29684.833827255286 
29710.439431500014 
29680.114799397805 
29679.01900370164 
29678.12421031538 
29677.537759269966 
29674.0907294541 
29877.049004034223 
29688.558214375636 
29672.720933153676 
29671.774520514427 
29671.76414273179 
29671.764142741267 
29671.764142779786 
29671.764143116456 
29671.764149520597 
29671.764187516208 
29671.764546623595 
29671.770645532404 
29671.806596373033 
29669.295953925048 
29769.828318207754 
29682.117119434668 
29668.105568378585 
29667.94611523869 
29667.952966502013 
29665.701641197367 
29688.729121916742 
29662.94234900905 
29661.594119674108 
29661.743322480954 
29661.7752902918 
29658.223351248922 
29931.98349617674 
29656.862070904306 
29756.329847122317 
29652.121867671507 
29650.858578446176 
29679.216258553948 
29648.315644288246 
29647.684280938145 
29645.695571740718 
30945.174173835978 
29689.117537305792 
29643.753601767618 
29643.202034355687 
29641.040634080688 
30027.613469166576 
29661.849213533373 
29639.648157754193 
29639.158832407466 
29636.759143369356 
30273.46431027607 
29670.193820413504 
29635.2236133645 
29634.56305297167 
29631.781174781063 
29642.441096622588 
29627.18775045672 
30167.094592514422 
29625.924165484088 
29619.75833125864 
29619.70217657134 
29619.702176207364 
29619.702176316554 
29619.702177218896 
29619.702189523312 
29619.702315762646 
29619.706820429314 
29619.747838589657 
29619.963573118035 
29634.09540452861 
29619.079521130032 
29619.175409876727 
29619.186251507737 
29617.904662440575 
29684.93453613566 
29615.610812053776 
29614.795959782638 
29613.032546958184 
30022.772280450932 
29621.215989919743 
29611.654900216425 
29611.676416044676 
29611.68041247721 
29614.369507768733 
29610.928656521308 
29669.27158159265 
29609.937271653533 
29608.738084009732 
29607.661621388997 
29605.26402918011 
29737.932908064373 
29600.881469931715 
29606.51142063079 
29600.307557259468 
29601.420765960414 
29599.2991547096 
29599.00677751956 
29597.001547421438 
29608.09441539398 
29594.740123671996 
29758.806945243785 
29589.697315321064 
29588.897769216168 
29586.80810253132 
32342.292863716306 
29637.835390132208 
29584.773644621666 
29583.26393779891 
29659.9377576567 
29581.24682499817 
29578.956846467332 
29578.956846473193 
29578.956846480403 
29578.956846535457 
29578.956847294605 
29578.95685322997 
29578.956911000885 
29578.957487534295 
29578.969008741482 
29579.07055667852 
29579.166515191955 
29588.526099850973 
29578.672639365814 
29582.246044837168 
29578.283122898054 
29578.9553561016 
29577.744751430033 
29576.319574320958 
30346.597180402714 
29590.67952638437 
29575.43355325119 
29573.424679183474 
29862.669610510064 
29573.263036069286 
29577.932285721297 
29569.890889925722 
29600.40902040495 
29569.317201578113 
29568.786817826516 
29568.418137250002 
29570.03302496458 
29567.768968664426 
29648.606296793736 
29567.13016831252 
29565.892884224602 
29565.36310031067 
29561.825200744595 
29754.526576344215 
29561.930488694594 
29559.821741702137 
29752.920651038414 
29559.470980783888 
29559.590041956784 
29557.501890228163 
29564.705678845068 
29556.8349427571 
29556.643561109868 
29555.73756416516 
29555.68986015791 
29555.68986010676 
29555.68986006876 
29555.6898597074 
29555.689861356044 
29555.689877948516 
29555.690047387754 
29555.692622829556 
29555.71639137069 
29555.79311251638 
29555.804449003022 
29555.23443700353 
29640.166812577485 
29558.258989697715 
29554.580294953743 
29553.11573672175 
29559.141455007495 
29551.314481498262 
29547.379080866416 
29840.662653680232 
29556.49418110947 
29545.345765457263 
29544.436576579545 
29543.812297078715 
29543.08358678174 
29547.918150578338 
29542.60942392531 
29542.439138963284 
29541.362984754775 
29540.932017057723 
29539.272852003996 
29686.181340028168 
29541.251457014874 
29538.33536597741 
29537.807231167666 
29554.710624844254 
29537.251931672472 
29536.682786547004 
29536.085597102843 
29536.694131371263 
29535.26739089518 
29739.609411564095 
29535.393830775207 
29534.28503289144 
29552.137124580277 
29533.658952003127 
29549.07626048893 
29532.83404194091 
29532.026238338076 
29531.06827063177 
29530.4700700879 
29527.808907553208 
30750.25190076738 
29563.412471744985 
29526.022026471182 
29525.710593133357 
29525.09882653767 
29525.073057441117 
29525.073057675912 
29525.073057920396 
29525.073058073714 
29525.07305964044 
29525.073075417684 
29525.07323116634 
29525.07479385686 
29525.093991766247 
29525.13541874873 
29525.141472305746 
29524.373195849133 
29655.603524138212 
29532.51172019647 
29523.595964937733 
29523.194177519406 
29521.564164837244 
29701.33518991336 
29534.63045875125 
29520.489021358273 
29520.09242820993 
29518.172339252593 
29939.428741753192 
29532.941509703487 
29517.16046883209 
29516.82863149505 
29516.50475116137 
29517.912042795273 
29516.027290484788 
29580.81250108943 
29515.337940979403 
29514.907157640282 
29514.21473405765 
29513.862550392525 
29512.68370886438 
30624.29338010935 
29561.23561141167 
29511.41144971724 
29511.38239097274 
29511.382390707786 
29511.38239406025 
29511.38242782585 
29511.3827707446 
29511.38620140114 
29511.424176407105 
29511.439272166965 
29510.276794938753 
29706.950577008116 
29513.08339162865 
29509.511889157904 
29514.061930979708 
29508.918111158633 
29565.231549595122 
29508.106455533765 
29507.643063530628 
29507.079090637682 
29506.488611471494 
29506.490930782755 
29506.491156598135 
29506.494176243967 
29506.52164965593 
29506.53850672532 
29505.377170830845 
29612.906090044376 
29506.247554256566 
29504.617273236785 
29525.509125905723 
29504.18335427148 
29504.101103571706 
29504.105762236424 
29506.54610104317 
29503.563314991752 
29505.289013199927 
29502.653744059902 
29502.693289424606 
29502.720080204253 
29501.709696402922 
29532.587854874935 
29503.943014492983 
29500.877256454598 
29500.172873785228 
29499.500296951403 
29499.500574546957 
29498.21377016345 
30040.253154946542 
29512.196847517214 
29497.332241600925 
29497.02124701743 
29496.756338358828 
29496.984167026174 
29496.30758829334 
29586.90446651192 
29496.002984880786 
29495.2576789011 
29494.578161948197 
29494.391872248456 
29493.26876274088 
30210.31047314057 
29534.23598353496 
29492.24514941274 
29491.983698444343 
29490.72242623228 
29681.441642555776 
29492.32103346798 
29490.05658742509 
29494.085452077026 
29489.466020295655 
29489.18029239966 
29488.202953536143 
29488.018794318716 
29488.01879431886 
29488.01879230647 
29488.018790623017 
29488.01879157132 
29488.018818118046 
29488.019099263583 
29488.024196181577 
29488.83001218876 
29487.62315858056 
29581.627627718102 
29487.883508447198 
29486.993344034232 
29485.292390896484 
29718.465134982755 
29486.034277679322 
29483.64515419433 
29603.543835109132 
29483.880082673077 
29483.04377359213 
29482.443717302816 
29504.941723128173 
29479.391751270676 
29479.412225831747 
29479.412234521384 
29479.412334159442 
29479.413364298853 
29479.43026873704 
29479.54401175994 
29478.571633730844 
29499.464254881084 
29476.27063670972 
29476.328003941086 
29476.337826507846 
29479.007486401923 
29475.815563766344 
29476.514319937378 
29475.14298698877 
29474.60093108162 
29502.469072911223 
29473.009341190977 
29472.9390613238 
29472.946373588802 
29471.961954324626 
29589.287656071152 
29472.267874341036 
29471.159553344918 
29470.58208776062 
29473.739190214394 
29469.82162703186 
29470.251864884198 
29468.833452611012 
29468.536994920498 
29568.980794988827 
29465.141174785633 
29464.860171597342 
29464.86615142286 
29464.92435779047 
29464.97257723509 
29469.105688654916 
29464.34382013179 
29466.10673373016 
29463.50711139251 
29533.38656111927 
29462.34188028688 
29461.195912158397 
29460.292200557775 
29459.689789226806 
29459.148488795483 
29459.131140067966 
29510.211911933387 
29454.852308749618 
29456.412571238772 
29454.46988632028 
29455.07372297697 
29453.920419754017 
29452.532320518952 
29794.388615427248 
29477.297926249055 
29451.518432857083 
29452.027465124836 
29450.963708841333 
29509.19074125932 
29450.45440059993 
29449.49729353663 
29449.124297896986 
29447.263531982906 
30821.781491888352 
29506.957598719753 
29445.34131867896 
29444.811070235944 
29442.678472243857 
29838.384010141985 
29448.244815255224 
29441.314074264832 
29440.862809101473 
29440.495717937403 
29440.148587981683 
29438.846559179852 
30001.415548561487 
29465.902910264453 
29437.961268995216 
29437.215072599785 
29472.893705507406 
29435.784337890942 
29435.78433807041 
29435.784338290472 
29435.784338974612 
29435.784344302385 
29435.7843959182 
29435.78491166543 
29435.790070625822 
29435.792352046417 
29435.833302563136 
29435.336944049053 
29494.90951902474 
29435.08634078785 
29433.881093667085 
29433.864934142486 
29433.876498700643 
29433.89747458544 
29431.874237419237 
29793.304216258435 
29447.03657709436 
29430.69727137225 
29430.256088696337 
29430.046762781865 
29454.450583465787 
29426.462055836368 
29426.462601111176 
29426.47177388436 
29426.523357230162 
29429.8439606153 
29426.147045398953 
29426.057296339062 
29425.04489277431 
29424.99644699904 
29425.07494454884 
29425.129616931732 
29425.140723078723 
29424.77960242999 
29427.663390612706 
29423.737883112226 
29423.268668684956 
29421.70767259638 
29462.91530443979 
29420.70768911624 
29439.884599122568 
29418.402323655504 
29417.767752316217 
29416.73273779159 
31472.495131211217 
29514.203324664257 
29415.465764482724 
29414.985026518043 
29414.077761957753 
30045.83086217245 
29431.99453332047 
29413.1721874265 
29412.985199977462 
29411.67688428756 
29442.21165769424 
29410.36562355051 
29446.530889853057 
29408.800104598253 
29408.17009340089 
29423.790096659653 
29406.860870099532 
29406.425052210674 
29406.351611897408 
29439.31441875227 
29404.177723908684 
29404.177723908753 
29404.17772394071 
29404.17772422129 
29404.177728714323 
29404.17777375164 
29404.178224122494 
29404.184844733893 
29404.2461549959 
29404.298456884957 
29405.179155104874 
29403.991548064663 
29411.839606318554 
29403.61548051074 
29403.07581493031 
29402.71470780007 
29402.28641634863 
29400.66525586407 
29612.561324324717 
29403.320528172742 
29399.540322874873 
29401.270424069262 
29398.522668423266 
29547.982278252974 
29397.34284634973 
29398.842864782127 
29395.885703470063 
29402.966174756904 
29395.296419061324 
29394.87071909644 
29394.248105928644 
29393.94612042147 
29392.118720997994 
29537.17285968481 
29392.353262933495 
29390.98324112913 
29453.325717888718 
29391.07547256123 
29390.42502317955 
29389.962465461816 
29407.589731013148 
29387.254387942445 
29386.875680498662 
29386.442791337333 
29386.442791342022 
29386.442791343205 
29386.442791994115 
29386.44279273692 
29386.442794565668 
29386.442807409967 
29386.442930511515 
29386.444150010564 
29386.458052600727 
29386.460993282464 
29385.49913069611 
29433.452089636452 
29387.50192115257 
29384.678357325578 
29385.46407900729 
29384.02689990968 
29403.344090295206 
29382.591959940906 
29381.60523493712 
29379.712782751896 
29379.579406324036 
29379.581244268255 
29379.60509993952 
29379.70182944008 
29391.90808332938 
29379.169124066706 
29406.17222702785 
29378.36588182008 
29379.227030999944 
29376.97921019822 
29618.89272474487 
29375.182445470127 
29378.76601509677 
29372.89474739695 
29372.89569625987 
29372.908295532263 
29372.921046922653 
29410.999352429903 
29372.529637786076 
29372.008442159753 
29371.997191023846 
29372.002307381757 
29372.0491820013 
29371.470532248622 
29593.31369994343 
29376.750011892967 
29370.686642502307 
29370.688531283806 
29369.33007888186 
29374.468672046663 
29366.707392848944 
29589.341736697806 
29364.37839246275 
29362.706035774627 
29362.15575913253 
29361.465548801636 
29620.617942452373 
29372.18794468669 
29360.59511199803 
29360.099671494776 
29358.87103455388 
29447.61860294418 
29359.983097350712 
29357.63833707843 
29357.006429854537 
29375.72646874145 
29356.429730048912 
29356.01603701056 
29355.30981783931 
29353.630038110692 
30123.442637859247 
29379.908282764758 
29351.90391812306 
29351.48790912632 
29351.064033792434 
29352.400570260303 
29350.581713105294 
29422.0245161508 
29350.290693284693 
29349.55459570634 
29348.796358071268 
29347.345515733487 
29435.69635359605 
29346.403220137527 
29365.338679640383 
29344.63617333492 
29344.63617333941 
29344.636173398303 
29344.636174741292 
29344.636181511847 
29344.636241843447 
29344.63684902906 
29344.644000958975 
29344.65962822225 
29346.202794550514 
29344.23928028388 
29390.959927909305 
29343.856661926096 
29343.45452235927 
29343.038951754796 
29341.8074617792 
29633.50580837105 
29345.01997539877 
29340.739585157193 
29339.91178509105 
29370.07712454742 
29336.164860101086 
29335.547210490433 
29332.924138080274 
31055.931671980205 
29366.274952249125 
29331.33031925991 
29330.78845935154 
29336.152896672796 
29330.38773078394 
29329.98389671037 
29329.339814657415 
29328.951688274694 
29327.498752311174 
29375.70491011953 
29326.37645321919 
29332.2909095767 
29324.299741192837 
29324.299742723335 
29324.299742840496 
29324.299745506913 
29324.299759105797 
29324.299882727108 
29324.301107055573 
29324.315734138676 
29324.40159633864 
29333.55063564112 
29324.1519022729 
29323.729594178767 
29323.730457127513 
29323.744216998228 
29323.746620865695 
29323.735771452768 
29334.29167561967 
29321.31387782221 
29321.45248281802 
29321.485155222075 
29322.16034110242 
29321.18829372974 
29321.139651394256 
29320.294641630877 
29320.321702156518 
29320.332273349657 
29319.340187846985 
29408.61416015846 
29319.853823502985 
29318.60130473214 
29318.145921387997 
29317.84408142772 
29317.457255742545 
29317.444260785986 
29342.566517742882 
29315.439966964776 
29315.448426101895 
29315.528038383876 
29315.292074365578 
29322.789407360662 
29314.385365142723 
29314.1737348204 
29313.313383000608 
29378.52433420202 
29313.016560486263 
29321.75791910555 
29311.855188678564 
29311.57585782778 
29310.941944065857 
29365.315231604614 
29310.422303039588 
29312.31904641134 
29309.572296282986 
29309.60035157267 
29309.1105298414 
29480.46012197254 
29309.885520124502 
29308.677232908965 
29308.39419481072 
29319.980278597493 
29306.610899448857 
29307.19287569695 
29306.133762593505 
29364.186943669214 
29305.54386385017 
29304.902755606738 
29304.306004451948 
29303.41426155433 
29361.455545586003 
29301.73046578713 
29300.936770939497 
29301.033454607576 
29300.494997797847 
29373.648453767644 
29300.477675582195 
29299.242919191434 
29298.907476101078 
29297.100800752334 
29307.33251173013 
29293.790101651048 
33028.457865060744 
29596.780700271334 
29292.02024534289 
29290.093933494813 
29288.978619780766 
29288.97861978374 
29288.97861978014 
29288.978619808702 
29288.978619605106 
29288.978622290015 
29288.978649569708 
29288.97893309283 
29288.984801986753 
29289.036464574314 
29289.04867919407 
29287.906874131117 
29653.546931374218 
29290.830314493545 
29286.897708195895 
29288.465774001015 
29286.14148996237 
29286.34603892831 
29284.968031376888 
29284.98074492703 
29284.994466601238 
29285.0492433042 
29284.125435663926 
29468.51896661764 
29286.099306685617 
29282.713147443985 
29284.781330428425 
29281.72555520873 
29362.824504089967 
29280.762307755875 
29278.81178010875 
29278.422453083287 
29277.002248737434 
29274.82569197376 
29998.346900582063 
29281.88779012473 
29273.547335581196 
29277.224667085942 
29272.516108246604 
29338.547223887414 
29271.03216991764 
29296.112361508644 
29269.008836078818 
29313.446160627936 
29266.063560892366 
29271.5335582527 
29263.602356355448 
29297.69454680004 
29262.649516504418 
29261.905719010498 
29260.89890480359 
29260.460978299492 
29257.32235414788 
29564.720284399522 
29265.38876246773 
29255.668440763355 
29255.29525272713 
29254.41165104131 
29254.411651045968 
29254.411652212166 
29254.411652255032 
29254.411652681065 
29254.411658204604 
29254.411703492307 
29254.41214719096 
29254.41924016939 
29254.44110742568 
29252.782794799747 
29330.417233285934 
29257.12540757486 
29250.256761345427 
29249.105960726672 
29242.230962431295 
30625.55633929624 
29327.879888368436 
29237.021794534478 
29235.852803308473 
29234.438773231657 
29230.879183585548 
29255.40793967797 
29226.396872728033 
29304.48187463324 
29219.54388085503 
29219.23605663576 
29219.23609328804 
29219.236471837365 
29219.240246292058 
29219.27674596086 
29219.444170185077 
29218.75773481893 
29238.61079872747 
29213.85345391157 
29212.8966196159 
29212.06228280037 
29210.198516265158 
29286.53124716545 
29213.790145104893 
29208.67551099146 
29207.57772502686 
29205.231324173135 
29268.783223611037 
29201.171938948257 
29199.64480338414 
29201.471032439546 
29198.508875200918 
29198.149969550934 
29196.359987186734 
29195.63900507974 
29193.189904691128 
29649.50290018677 
29205.790565862313 
29191.359172567492 
29190.464691925194 
29242.59235982612 
29185.858677766635 
29185.418304151804 
29182.994600073467 
29730.759574525942 
29204.698536293297 
29181.349405858335 
29178.947795381726 
29971.431051273685 
29184.273700413898 
29176.167710807065 
29176.840337799527 
29173.51457405574 
29519.096415191914 
29171.643648033834 
29173.990983579635 
29167.683823747288 
29198.888546638394 
29167.144499518858 
29166.60668470634 
29165.78132644568 
29165.781325811226 
29165.781325815005 
29165.781325286873 
29165.781325932006 
29165.781332965216 
29165.781402903547 
29165.782105728962 
29165.789097712975 
29165.83073872178 
29164.401130751772 
29207.480186417895 
29168.96933868213 
29163.390703264937 
29162.643771749776 
29162.174198502817 
29160.165170315075 
29214.393056620043 
29175.662540144112 
29157.328836556557 
29155.38092909564 
29232.040147386673 
29157.104052667422 
29154.743059504897 
29154.11645861589 
29154.52527495034 
29155.269151940367 
29153.856758889135 
29159.006093705888 
29153.33088369382 
29152.8223980857 
29152.089040898292 
29151.80155229841 
29149.630013515252 
29139.50833264326 
55874.913949986636 
30873.25891197401 
29180.153449295016 
29125.16240319296 
29123.675104177975 
29123.675107082163 
29123.67510709128 
29123.67510977789 
29123.67511078165 
29123.67512083196 
29123.67526404043 
29123.679531062942 
29123.718151195557 
29123.757756876643 
29125.68844341871 
29123.024038775948 
29242.339968179385 
29124.5030366955 
29122.158831563906 
29122.182529564958 
29122.216862914844 
29120.60714151099 
29282.387411020045 
29120.062201764227 
29121.309517380596 
29116.352451605053 
29116.570048393118 
29118.301415967955 
29115.342823108083 
29247.64863423897 
29114.25300825589 
29112.967387100816 
29111.68965708679 
29108.112325569797 
29577.627628280145 
29111.48223239374 
29106.29322664896 
29250.342176078422 
29105.61310812018 
29105.178130425767 
29104.186174305545 
29104.186191263794 
29104.187058312004 
29104.193446666322 
29102.66385367862 
29602.8544303742 
29114.91851095957 
29100.812631053243 
29100.895244732274 
29100.955948628125 
29098.766228785466 
29382.978491964474 
29098.190759890385 
29096.719948919654 
29092.44087960185 
29092.661373292936 
29110.532054447613 
29091.767019360224 
29154.382136930937 
29090.877503539017 
29089.91743551916 
29089.11178782677 
29088.519400428188 
29086.43450923128 
29084.547899976988 
29512.682241332495 
29076.10246612076 
29067.11711073135 
29067.16372907793 
29067.257601752717 
29218.293397961497 
29067.467936665897 
29065.748185985787 
29065.75658057819 
29065.712630316604 
29074.629403664225 
29063.41811729101 
29063.140785081443 
29061.878645834957 
29143.36953504163 
29060.693157520443 
29059.896487123322 
29059.30323716442 
29058.337390766712 
29057.820110917488 
29056.381139464655 
29179.534684184586 
29072.30900490128 
29055.662875867805 
29053.685888930846 
29350.28948058071 
29060.730483588875 
29052.94879033284 
29055.26397221114 
29052.135962951 
29052.323921983087 
29051.377310144933 
29058.58068224501 
29050.783923824085 
29077.63865252906 
29050.13441925144 
29049.278778433036 
29049.27268365287 
29049.27267742801 
29049.27267340503 
29049.272674109598 
29049.272702250713 
29049.273084037082 
29049.2794642394 
29049.33443087699 
29049.34618197505 
29056.240921781104 
29048.917331279063 
29054.805389948953 
29048.138478682165 
29048.192569572966 
29048.219744325594 
29047.626569882465 
29070.187520667354 
29046.84296290212 
29050.36535824482 
29045.858672333878 
29045.87139420666 
29045.879388564696 
29044.773352999495 
29433.473123988937 
29060.614254199234 
29044.39756703749 
29048.121251306242 
29044.08077813963 
29044.084201695085 
29044.098985722245 
29044.120496563763 
29044.123635934695 
29045.969735729588 
29043.79179293255 
29050.024509801402 
29043.028331285142 
29044.805308451534 
29042.451065658213 
29042.479700360185 
29041.923642265338 
29096.954370482075 
29041.1170109018 
29040.60202528624 
29040.62210245283 
29041.059090287916 
29040.259528204133 
29040.25970613306 
29053.989612534162 
29040.057893118163 
29039.851942828398 
29039.649028166354 
29038.966283052603 
29051.599896654905 
29038.089256740655 
29037.892152800807 
29036.415168744672 
29062.087598783197 
29035.277773171485 
31202.402783460195 
29113.505953254305 
29034.619533991154 
29034.009119946913 
29034.00102550018 
29034.001027828937 
29034.00107536346 
29034.002991981546 
29034.020397725217 
29034.028443165338 
29033.213288537565 
29086.435186110295 
29032.7559948501 
29035.559005650135 
29031.991398374466 
29031.990570388643 
29031.99084361083 
29031.321999925713 
29035.864408287103 
29030.796594254734 
29030.39655873847 
29030.397123310162 
29030.414913055174 
29030.430283333255 
29029.57131823296 
29078.440583010968 
29028.683335152466 
29028.746211214577 
29028.83453811302 
29028.857797655655 
29028.868556222667 
29029.836184584638 
29027.824476370995 
29446.400087271635 
29036.096680138176 
29026.84478878246 
29042.075909265364 
29026.68122313624 
29026.481268879616 
29026.496346526445 
29026.534999814416 
29026.5430862384 
29025.547282920208 
29047.122212771377 
29024.33932720777 
29028.15809161814 
29023.434865729127 
29022.964936215205 
29022.992065399612 
29023.057472166387 
29023.070258345822 
29021.332088898598 
29080.85084145111 
29020.406094967315 
29027.404844508226 
29018.701111450962 
29018.91071108252 
29018.944976330265 
29020.49114632685 
29018.303614125114 
29018.45119956662 
29018.491568288446 
29090.94518825238 
29019.42979205115 
29018.278094453937 
29018.347661778378 
29018.371438682032 
29018.38236749591 
29017.785600212068 
29017.92591871573 
29018.00304267292 
29018.052143249934 
29018.086788112378 
29018.11175299636 
29017.122403370446 
29172.863159585133 
29017.983513707502 
29015.41026898229 
29015.61735658332 
29015.666030278484 
29016.780251059987 
29015.179927661422 
29015.32880427534 
29015.38030470702 
29015.40482783417 
29015.14056842368 
29014.87471480416 
29015.05701031947 
29015.139538629235 
29015.186017726668 
29015.215357236404 
29015.23528208216 
29015.24936311525 
29015.93176834546 
29014.688392019078 
29014.819740805928 
29014.875778039153 
29014.904055329287 
29029.20423538512 
29014.743237528637 
29014.499218703786 
29014.602821461645 
29014.64154916847 
29014.659990392356 
29013.111517182817 
29013.657054116 
29013.875636263314 
29014.010036790038 
29014.100620693378 
29014.164953929612 
29014.21312609423 
29014.24998102575 
29049.504759017167 
29021.883878065863 
29013.864859886686 
29013.94482978065 
29013.965417832536 
29065.257191918456 
29014.250178467886 
29013.803667225686 
29013.872145564936 
29013.89936390155 
29013.913964107836 
29013.923108379975 
29013.928722076405 
29013.933862448812 
29013.93715032592 
29013.939805735663 
29013.94199954886 
29013.943837986593 
